358.11,90.403,-0.098441,10.724,-0.05509,6.1822,0.00024879,3.2953,716.23,179.41,-0.17672,12.724,-0.11037,7.5802,0.0002529,1.676
384.55,138.07,0.0084645,7.2187,-0.02742,4.2911,-2.0943e-05,1.0513,769.09,275.64,0.016797,10.926,-0.055599,6.8771,-4.1269e-05,0.97621
334.19,143.3,0.0098451,12.476,-0.0053616,6.4279,9.5009e-05,2.7582,668.38,285.38,0.00018781,16.308,-0.0073683,8.8085,1.8542e-17,1.6654
363.7,138.16,0.0018994,6.8853,-0.090796,4.1489,1.5188e-07,1.4008,727.41,275.86,-0.0012004,10.64,-0.18071,6.15,-5.8806e-17,0.98818
325.12,153.6,-0.076256,10.935,-0.13546,8.1667,-0.00025535,3.094,650.23,306.1,-0.15987,15.359,-0.26907,11.355,-0.00051852,2.0706
363.3,145.91,-8.5089e-06,6.1853,-0.064303,3.6818,-7.5718e-06,0.75614,726.6,291.44,0.00087917,10.891,-0.12968,6.6909,-1.7839e-05,1.0396
414.7,94.932,-0.018984,7.9385,-0.063,4.554,9.5508e-05,1.1984,829.39,188.96,-0.055116,11.65,-0.12542,6.9893,0.00017011,1.1462
383.28,118.9,-0.032075,8.9161,-0.039422,5.2856,0.00016745,2.5959,766.55,237.05,-0.046004,11.36,-0.087742,7.1219,-2.7678e-05,1.4151
419.07,89.282,-0.053066,7.9298,-0.095014,6.2222,0.00077416,2.482,838.14,177.78,-0.0793,9.3497,-0.15139,7.9253,0.00040165,1.3815
404.33,85.511,0.057385,4.3956,-0.079988,3.3733,-9.2554e-06,0.67872,808.66,170.64,0.11624,7.4266,-0.15894,5.577,9.304e-10,0.78026
352.63,133.37,-0.014757,4.4759,-0.10725,2.8063,-5.2527e-06,0.4433,705.26,266.52,-0.028847,7.967,-0.21252,5.0279,2.8286e-17,0.59969
315.1,131.33,-0.12939,6.105,-0.19054,5.4429,-3.5766e-05,1.8213,630.2,262.22,-0.25522,9.2247,-0.36128,7.5541,0.00054233,1.1543
418.79,78.04,-0.064843,7.2044,-0.049257,5.2882,0.00017871,2.1414,837.58,155.18,-0.11706,9.3314,-0.14321,7.5387,0.00025309,1.2383
383.27,83.213,-0.08828,4.0488,-0.043819,3.3272,1.1177e-05,0.49095,766.54,166.07,-0.18166,7.0391,-0.088216,5.6763,2.9794e-07,0.61903
368.6,126.81,0.0013823,6.1207,-0.056158,3.6921,4.6618e-07,0.86945,737.21,253.2,5.061e-05,9.9019,-0.11123,6.1229,1.3162e-17,0.96322
397,110.15,-0.041096,9.5725,-0.062647,5.96,-0.00049908,2.4482,794,219.18,-0.031733,13.285,-0.12172,8.5904,-1.9761e-08,1.6862
409.21,113.19,0.0066057,8.5106,-0.054961,4.2777,-7.1911e-05,1.6356,818.41,225.67,-0.0038127,11.401,-0.11781,6.1024,-1.6854e-06,1.0772
401.45,126.63,-0.017082,10.063,0.040671,4.5792,0.00020359,1.5924,802.9,252.39,1.3201e-06,13.168,0.081399,7.2465,-3.142e-10,1.2055
415.07,95.501,-0.026063,10.109,-0.062943,5.9477,0.00028646,2.2632,830.14,189.67,-0.065651,12.926,-0.1253,7.9847,0.00049918,1.4848
416.46,106.82,-0.016503,9.831,-0.01817,3.6007,-0.0013245,1.8811,832.91,212.86,-2.8064e-15,11.608,-0.026584,5.302,-1.5774e-16,0.97214
333.4,125.12,0.1047,13.499,0.024438,7.7452,0.0071524,4.3169,666.79,248.79,0.21264,16.042,0.07495,9.1533,-1.4039e-07,1.7331
339.94,127.71,-0.17344,13.338,-0.01055,8.1047,-0.0055111,4.4447,679.89,253.99,-0.36864,15.925,-0.058433,9.3996,-1.0624e-16,1.8051
360.67,127.88,0.051936,8.6029,0.008587,6.9883,-0.0026484,3.5802,721.35,254.97,0.06888,10.769,0.04519,8.995,-1.2432e-06,1.6237
345.8,142.41,-0.00099332,4.2235,0.0047545,3.5102,-1.7514e-06,0.70766,691.61,284.58,-1.0206e-05,7.3485,0.0029362,6.0518,-2.6249e-06,0.77111
409.95,113.57,0.014119,13.499,0.031624,6.3844,-0.0027407,2.9373,819.91,225.39,0.00091447,18.029,0.065874,8.8912,-5.1142e-06,1.7215
359.8,98.733,-0.071472,8.9155,-0.055263,5.1511,0.00052079,2.2366,719.6,196.59,-0.096229,11.304,-0.07477,6.8382,1.749e-16,1.1227
398.85,100.89,0.015233,3.3013,-0.069737,2.6247,-2.102e-06,0.32953,797.7,201.6,0.030551,6.2436,-0.1394,4.8419,-2.8493e-16,0.53799
382.51,111.46,-0.037973,4.7534,-0.10551,3.2047,-0.00025015,0.65777,765.01,222.61,-0.074523,8.1258,-0.21143,5.3845,-0.00050876,0.82679
324.09,147.74,0.0033648,9.6897,-0.1171,5.2244,-0.00064887,2.1118,648.17,294.75,-0.0018542,13.531,-0.2132,7.3207,-9.188e-06,1.1631
391.99,118.89,0.001539,8.9163,-0.047564,4.9381,-1.0449e-05,1.5043,783.97,236.98,-0.00029857,12.662,-0.094991,7.3757,-9.504e-06,1.2111
423.29,107.99,-0.0026508,5.6705,8.3845e-05,3.959,-1.4955e-06,0.92624,846.59,215.52,-0.0086124,9.4629,-0.00052466,6.3525,-7.5791e-07,0.92507
372.56,123.52,0.0090267,6.2535,-0.097102,3.8109,0.0002354,1.0374,745.13,246.58,0.01904,10.371,-0.19571,6.1184,0.00044418,1.0882
424.06,97.219,-0.016402,8.8195,-0.055632,5.2927,-0.00018107,2.3922,848.11,193.55,0.0025621,11.008,-0.091154,7.1533,-2.1989e-05,1.1092
421.81,107.25,-0.0034002,7.8564,-0.061395,5.8029,-0.00012318,2.3624,843.62,213.68,-7.3713e-05,11,-0.12061,8.5621,-1.0831e-08,1.5254
387.08,99.782,0.0011616,6.6034,-0.05164,4.4983,1.7852e-06,1.289,774.17,198.88,0.0030873,10.215,-0.10335,7.2683,7.6502e-17,1.2606
395.95,97.116,-0.029573,6.6185,-0.054986,4.5489,3.1933e-06,1.1848,791.9,193.56,-0.060919,10.388,-0.11003,7.0299,3.9858e-17,1.2115
365.43,117.89,-0.0089446,4.2058,-0.0039481,3.5389,-3.4571e-05,0.34938,730.86,235.5,-0.014218,7.9277,-0.0015625,6.4761,-6.5395e-05,0.57122
389.17,130.2,-0.05067,7.9681,-0.044473,5.3847,-0.00022591,2.2972,778.34,259.77,-0.085215,11.311,-0.077165,7.9443,0.00023681,1.2672
401.85,108.42,0.00024144,6.3535,-0.035492,3.9556,-1.0721e-05,1.4368,803.7,216.36,-1.8312e-05,8.8888,-0.071459,5.7218,-1.7725e-05,1.0642
400.45,104.68,-0.0020642,6.8358,-0.038869,4.7452,-2.9567e-05,1.9308,800.91,208.74,-0.0033348,9.4815,-0.077841,6.0708,-5.1406e-05,1.262
396.29,136.82,0.025026,5.4644,-0.069781,4.7527,6.5678e-06,0.85934,792.59,273.24,0.051418,9.8653,-0.13945,8.6409,2.8648e-17,1.216
333.05,145.75,0.010656,8.4293,-0.085505,4.6974,0.0020013,1.8705,666.1,290.93,0.00024454,11.533,-0.17806,6.9309,-1.3478e-05,1.0393
353.22,102.81,-0.0044171,7.0393,-0.083878,5.1326,4.9746e-06,1.3581,706.44,204.85,-0.0077913,10.628,-0.16772,7.4764,2.7339e-17,1.3028
392.13,91.589,0.043495,6.6035,-0.035822,5.0286,7.6678e-05,1.2595,784.25,182.43,0.082646,10.014,-0.071167,6.9961,0.00015351,1.143
377.03,128.83,0.014551,9.2025,-0.03436,5.4328,-5.0284e-06,1.7398,754.07,256.9,0.025901,12.094,-0.065616,7.8566,-5.2377e-17,1.2
393.05,130.29,-0.00018846,7.0722,-0.049386,4.1523,-4.5056e-07,1.1056,786.1,260.04,-0.00045272,10.773,-0.097739,6.627,-2.5742e-06,1.0441
341.39,159.37,-0.0015654,4.807,-0.075415,3.3885,1.3852e-05,0.79928,682.79,318.51,0.0001136,8.1825,-0.15297,5.458,-8.8581e-17,0.73294
428.86,101.28,-0.0062709,8.1007,-0.00059111,5.6558,-3.16e-05,2.3755,857.71,201.69,-0.01852,10.243,-0.0098504,7.59,-5.3314e-17,1.2347
423.64,103.19,0.010942,8.7594,-0.077743,4.3981,8.8725e-06,2.0138,847.28,205.6,0.029377,10.96,-0.15433,6.1699,2.271e-16,1.1712
426.5,95.124,-0.00036776,10.687,-0.05892,5.4301,-0.0038168,3.8634,853,189.05,0.0042861,12.685,-0.11865,7.6306,-4.6483e-07,1.7272
418.01,100.82,-0.015331,11.082,-0.070587,4.7886,0.00036423,3.1926,836.02,200.57,0.0038513,12.675,-0.14354,6.4394,9.3013e-17,1.39
423.48,110.16,-0.0027465,11.937,0.007707,6.3049,-0.0058641,3.9567,846.97,219.05,-0.00082882,13.76,0.010558,8.301,-1.7442e-16,1.7014
385.16,122.86,-0.011655,13.002,-0.068034,7.1633,-0.00032264,3.9877,770.32,244.31,-0.00052032,15.324,-0.15606,9.0209,-0.00046689,1.709
418.08,99.379,0.014482,10.296,-0.017275,6.2588,-0.001544,2.8585,836.16,197.67,-0.0033457,12.19,-0.14219,7.2568,0.00019772,1.2797
425.64,87.621,-0.0039479,9.715,-0.045886,6.8212,-0.0021119,3.9285,851.28,174.04,-0.014751,11.049,-0.088461,8.6516,-3.7824e-06,1.6627
413.05,102.48,0.013929,8.7861,-0.050427,5.5276,-8.8731e-05,2.7821,826.11,204.1,-0.016214,10.771,-0.09436,7.1914,-2.9381e-06,1.3041
412.22,105.15,0.0016237,8.9638,-0.052318,5.3834,-0.003762,3.2895,824.44,209.48,0.010635,10.765,-0.081835,7.1814,-3.771e-07,1.4873
408.09,107.7,-0.0079889,10.32,-0.076301,5.0335,-0.0028424,2.8434,816.18,214.45,-0.011937,12.332,-0.13717,6.7128,-4.2057e-17,1.2748
398.42,112.64,-0.0388,11.356,-0.10919,5.4893,0.0032285,2.9373,796.85,224.27,-0.0014352,13.201,-0.21221,6.7302,-7.6435e-06,1.2959
440.59,80.891,-0.011582,9.7893,0.0073539,6.3279,0.00057457,3.0014,881.18,160.49,0.034826,11.378,-0.017828,7.867,-4.778e-07,1.3474
404.8,116.83,-0.0024074,8.0122,-0.0036123,4.3946,-0.0017848,1.8807,809.6,233.1,-3.8001e-05,9.9271,6.558e-05,5.9061,-4.0223e-17,0.83673
400.78,124.51,-0.0091602,8.4795,-0.054737,4.082,0.0010391,2.0615,801.56,248.45,1.3666e-07,11.024,-0.095637,5.5305,3.7713e-08,0.95555
439.25,97.735,-0.00079242,10.369,-0.047033,6.7659,-3.4666e-05,2.6675,878.5,194.01,0.00017502,12.618,-0.093932,8.6145,-5.7591e-05,1.7234
402.67,115.58,0.0016607,5.2064,-0.063199,3.2574,-3.0872e-06,0.56725,805.33,230.82,0.0029404,9.1684,-0.12629,5.7197,-1.265e-16,0.76001
410.43,117.89,-0.013835,8.6804,-0.0093188,5.1575,-0.0029376,2.4354,820.86,235.06,-0.00087883,11.103,0.0017519,7.1885,-1.229e-06,1.1929
356.3,140.72,-0.0053647,11.669,-0.087845,6.1114,0.0039571,3.2507,712.6,280.49,-0.013707,14.239,-0.20165,7.2206,0.00018428,1.2992
430.56,108.31,0.043931,10.939,0.0025859,4.4355,-0.0013668,2.3197,861.12,215.65,0.03409,12.635,0.00030561,5.8452,-0.00015273,1.0114
427.78,108.76,0.023296,9.3527,0.025965,6.0616,0.0038725,3.1009,855.57,216.66,0.014969,11.095,-0.032817,7.4586,9.6351e-05,1.463
423.22,103.1,0.0077609,10.182,-0.028803,5.3182,-0.0047306,3.0804,846.44,205.18,0.0054019,12.588,-0.097957,6.6732,6.5583e-06,1.3519
422.6,102.94,0.00023643,8.8743,-0.0050068,5.5372,-0.0018496,2.7903,845.21,205.04,-0.00095338,11.42,-0.039898,6.6026,-2.1381e-07,1.2101
407.84,122.98,-0.0038691,9.0732,-0.02259,5.5842,0.0013978,2.7566,815.68,245.21,-0.00044499,11.492,-0.098932,7.3109,-9.8529e-17,1.271
407.53,113.87,0.00063177,9.438,-0.052542,4.6578,-0.0030612,2.6394,815.06,226.99,-0.021213,11.204,-0.10301,6.0628,1.0601e-16,1.1433
458.99,81.294,0.013963,7.2052,-0.055172,4.6691,-0.00096409,2.2755,917.98,161.84,-0.0021365,9.4199,-0.081689,5.7408,-0.00040642,1.0057
415.21,102.59,-0.0037744,7.5598,-0.025789,3.1059,0.00098567,1.838,830.41,204.69,-0.041713,9.3558,-0.11186,4.1223,-3.6881e-17,0.81321
402.59,113.64,0.0089802,10.178,0.0043585,6.1455,-0.0028463,3.1265,805.19,226.33,0.027258,12.315,-0.010159,7.9345,-2.1667e-06,1.4017
382.43,141.35,0.0026095,8.4817,-0.078087,4.1241,-0.00060597,2.3525,764.87,282.18,-0.00025337,11.251,-0.15563,6.1122,-4.358e-17,1.1139
448.82,88.41,-0.014796,15.615,-0.02992,7.0183,-0.0017584,4.9806,897.63,174.39,-1.7324e-16,15.818,-0.069384,8.8531,2.8396e-17,1.9871
420.32,117.62,-0.012615,8.54,0.0025801,5.36,0.0003737,2.5511,840.65,234.54,1.0048e-15,11.09,-0.00040408,7.1912,-2.9777e-16,1.2736
353.76,122.36,-0.0066999,7.8837,-0.1242,3.6949,-0.001672,1.9818,707.52,244.19,1.1393e-05,10.647,-0.24425,5.0756,6.9932e-11,0.91758
411.65,107.95,-0.0060698,7.5921,-0.071273,3.6174,-0.0010399,2.157,823.31,215.35,-0.00089561,9.8432,-0.13992,5.2168,-2.8228e-06,1.0371
357.44,144.01,0.032468,7.8349,-0.13415,4.1183,0.00013697,1.3603,714.87,287.51,0.046291,11.867,-0.26617,5.9885,-6.2401e-06,0.96573
400.95,126.13,0.11272,10.994,-0.0026224,5.338,0.00056318,2.4421,801.9,251.44,0.078756,12.511,-0.047914,6.5534,-0.00030831,1.1056
400.47,120.05,-0.0039436,6.8612,-0.056671,3.3806,0.0014258,1.9383,800.93,239.68,-2.1343e-05,9.3663,-0.11789,4.8969,6.4409e-06,0.91918
376.86,137.41,-0.01785,7.6348,-0.083967,5.7803,-0.0008928,2.5497,753.72,274.25,-0.037412,10.192,-0.17136,8.0318,0.00030322,1.2254
457.52,61.476,-0.0049805,3.3519,-0.056478,1.8711,-4.1184e-06,0.46526,915.03,122.73,0.00031761,5.0896,-0.11194,2.9666,-1.7057e-05,0.45169
449.75,74.272,-0.00062992,2.5931,-0.040372,1.4925,-5.3913e-05,0.35257,899.5,148.42,-0.00019351,4.4626,-0.079602,2.4786,-1.9012e-05,0.34649
389.98,135.15,0.015075,9.2517,0.00050179,4.913,-0.00061674,2.0714,779.96,269.63,0.00052475,12.065,0.00049292,6.6137,-2.4309e-06,1.0339
386.44,124.22,-0.030315,11.104,-0.058516,5.7386,0.00358,2.7458,772.88,247.52,6.2806e-05,13.041,-0.094626,7.5663,-3.6882e-08,1.2528
